13.45
13.35
13.32
13.21
13.1999
13.2599
13.33
13.28
13.28
13.37
13.37
13.29
13.3
13.21
13.05
13.05
13
12.95
12.78
12.9099
12.85
13.07
13.1
13.04
12.91
12.8
12.75
13.1
13.09
13.28
13.28
13.28
13.15
13.2
13.39
13.26
13.2
13.22
13.22
13.23
13.41
13.3
13.31
13.25
13.23
12.3
12.92
13.25
13.4
13.5499
13.4
13.6248
13.6099
13.56
13.98
13.5087
13.59
13.17
13.07
12.8211
12.89
13.08
12.6292
12.39
12.3025
11.88
11.61
12.0712
12.1488
12.65
12.6275
11.999
12.43
12.87
12.9801
13.2325
13.071
13.81
13.6894
13.7699
14.0988
14.0788
13.7675
13.87
13.93
13.39
14.309
14.278
14.6199
14.9504
14.995
14.7101
15.51
15.41
15.72
14.7699
14.74
14.2001
14.25
14.01